29-Nov-2018 25 24 22 27 25 25 19 18 21 16 443554444444534433455544344455544453244333333342454332233233
30-Nov-2018 24 25 22 23 24 19 22 20 21 10 534534454255453415433544555243452323344533442343344442223111
30-Nov-2018 30 24 18 12 6 17 25 27 19 16 555555444444333333222222111111351323344554554454443233334330
30-Nov-2018 0 6 12 18 24 30 36 42 48 54 000000111111222222333333444444555555666666777777888888999999
30-Nov-2018 0 6 12 18 24 30 36 42 48 54 000000111111222222333333444444555555666666777777888888999999
30-Nov-2018 0 6 12 18 24 30 36 42 48 54 000000111111222222333333444444555555666666777777888888999999
30-Nov-2018 0 6 12 18 24 30 36 42 48 54 000000111111222222333333444444555555666666777777888888999999
30-Nov-2018 0 6 12 18 24 30 36 42 48 54 000000111111222222333333444444555555666666777777888888999999
30-Nov-2018 0 6 12 18 24 30 36 42 48 54 000000111111222222333333444444555555666666777777888888999999
30-Nov-2018 0 6 12 18 24 0 6 12 18 24 000000111111222222333333444444000000111111222222333333444444
30-Nov-2018 0 6 12 18 24 0 6 12 18 24 000000111111222222333333444444000000111111222222333333444444
30-Nov-2018 0 6 12 18 24 0 6 12 18 24 000000111111222222333333444444000000111111222222333333444444
30-Nov-2018 0 6 12 18 24 0 6 12 18 24 000000111111222222333333444444000000111111222222333333444444
30-Nov-2018 0 6 12 18 24 0 6 12 18 24 000000111111222222333333444444000000111111222222333333444444
30-Nov-2018 0 6 12 18 24 0 6 12 18 24 000000111111222222333333444444000000111111222222333333444444
01-Dec-2018 14 11 23 13 14 24 18 19 18 25 421133311321355343331132133421524535453411155422425412455353
01-Dec-2018 14 11 23 14 14 24 20 19 18 25 421133311321355343331142133421524535453431155422425412455353
01-Dec-2018 18 20 16 20 21 18 21 21 21 19 333531334235223234343451424335213543521454352254524433424243
01-Dec-2018 19 22 16 17 14 20 20 19 22 22 353224445414512134523322233321243443251345442423524452445135
